ScanningMode	2Theta/Theta
ScanningType	Continuos Scanning
X-Ray	40kV/40mA
DivSlit	2/3 deg.
DivH.L.Slit	10mm
SctSlit	2/3 deg.
RecSlit	0.3mm
Start	10
Stop	90
Step	0.02
Speed	2
Offset	0
10	6.66667
10.02	18.3333
10.04	18.3333
10.06	18.3333
10.08	18.3333
10.1	8.33333
10.12	13.3333
10.14	13.3333
10.16	15
10.18	11.6667
10.2	23.3333
10.22	6.66667
10.24	8.33333
10.26	6.66667
10.28	1.66667
10.3	5
10.32	11.6667
10.34	21.6667
10.36	6.66667
10.38	25
10.4	13.3333
10.42	13.3333
10.44	11.6667
10.46	10
10.48	16.6667
10.5	13.3333
10.52	11.6667
10.54	11.6667
10.56	20
10.58	11.6667
10.6	15
10.62	18.3333
10.64	5
10.66	15
10.68	16.6667
10.7	6.66667
10.72	6.66667
10.74	10
10.76	5
10.78	11.6667
10.8	16.6667
10.82	15
10.84	10
10.86	16.6667
10.88	8.33333
10.9	16.6667
10.92	5
10.94	20
10.96	10
10.98	15
11	15
11.02	11.6667
11.04	10
11.06	10
11.08	10
11.1	13.3333
11.12	8.33333
11.14	11.6667
11.16	10
11.18	11.6667
11.2	16.6667
11.22	6.66667
11.24	11.6667
11.26	1.66667
11.28	20
11.3	15
11.32	13.3333
11.34	13.3333
11.36	18.3333
11.38	1.66667
11.4	10
11.42	20
11.44	13.3333
11.46	5
11.48	16.6667
11.5	15
11.52	20
11.54	5
11.56	10
11.58	15
11.6	15
11.62	21.6667
11.64	10
11.66	18.3333
11.68	10
11.7	16.6667
11.72	16.6667
11.74	21.6667
11.76	16.6667
11.78	13.3333
11.8	28.3333
11.82	11.6667
11.84	13.3333
11.86	13.3333
11.88	13.3333
11.9	20
11.92	11.6667
11.94	16.6667
11.96	18.3333
11.98	13.3333
12	20
12.02	11.6667
12.04	20
12.06	6.66667
12.08	23.3333
12.1	8.33333
12.12	5
12.14	6.66667
12.16	15
12.18	18.3333
12.2	10
12.22	6.66667
12.24	5
12.26	11.6667
12.28	23.3333
12.3	21.6667
12.32	16.6667
12.34	11.6667
12.36	10
12.38	5
12.4	8.33333
12.42	8.33333
12.44	6.66667
12.46	10
12.48	10
12.5	6.66667
12.52	15
12.54	6.66667
12.56	20
12.58	10
12.6	10
12.62	13.3333
12.64	10
12.66	10
12.68	15
12.7	8.33333
12.72	8.33333
12.74	10
12.76	11.6667
12.78	5
12.8	11.6667
12.82	6.66667
12.84	21.6667
12.86	10
12.88	13.3333
12.9	10
12.92	11.6667
12.94	6.66667
12.96	11.6667
12.98	10
13	15
13.02	11.6667
13.04	10
13.06	6.66667
13.08	5
13.1	13.3333
13.12	11.6667
13.14	10
13.16	6.66667
13.18	16.6667
13.2	18.3333
13.22	13.3333
13.24	11.6667
13.26	10
13.28	10
13.3	11.6667
13.32	16.6667
13.34	15
13.36	5
13.38	8.33333
13.4	8.33333
13.42	18.3333
13.44	18.3333
13.46	11.6667
13.48	6.66667
13.5	10
13.52	13.3333
13.54	15
13.56	6.66667
13.58	10
13.6	11.6667
13.62	10
13.64	13.3333
13.66	18.3333
13.68	3.33333
13.7	11.6667
13.72	5
13.74	6.66667
13.76	13.3333
13.78	6.66667
13.8	8.33333
13.82	11.6667
13.84	15
13.86	10
13.88	13.3333
13.9	13.3333
13.92	13.3333
13.94	16.6667
13.96	15
13.98	6.66667
14	5
14.02	10
14.04	15
14.06	11.6667
14.08	10
14.1	15
14.12	10
14.14	23.3333
14.16	11.6667
14.18	10
14.2	5
14.22	25
14.24	3.33333
14.26	10
14.28	8.33333
14.3	13.3333
14.32	6.66667
14.34	5
14.36	11.6667
14.38	15
14.4	10
14.42	8.33333
14.44	11.6667
14.46	10
14.48	13.3333
14.5	8.33333
14.52	21.6667
14.54	11.6667
14.56	8.33333
14.58	21.6667
14.6	10
14.62	6.66667
14.64	18.3333
14.66	15
14.68	21.6667
14.7	8.33333
14.72	6.66667
14.74	6.66667
14.76	8.33333
14.78	13.3333
14.8	5
14.82	6.66667
14.84	8.33333
14.86	11.6667
14.88	15
14.9	18.3333
14.92	11.6667
14.94	16.6667
14.96	18.3333
14.98	6.66667
15	13.3333
15.02	15
15.04	6.66667
15.06	5
15.08	11.6667
15.1	15
15.12	11.6667
15.14	6.66667
15.16	1.66667
15.18	15
15.2	10
15.22	13.3333
15.24	15
15.26	10
15.28	11.6667
15.3	15
15.32	6.66667
15.34	6.66667
15.36	11.6667
15.38	13.3333
15.4	8.33333
15.42	13.3333
15.44	6.66667
15.46	8.33333
15.48	8.33333
15.5	11.6667
15.52	11.6667
15.54	5
15.56	6.66667
15.58	11.6667
15.6	10
15.62	16.6667
15.64	6.66667
15.66	8.33333
15.68	0
15.7	21.6667
15.72	13.3333
15.74	8.33333
15.76	8.33333
15.78	8.33333
15.8	6.66667
15.82	13.3333
15.84	6.66667
15.86	6.66667
15.88	15
15.9	11.6667
15.92	13.3333
15.94	16.6667
15.96	11.6667
15.98	11.6667
16	11.6667
16.02	13.3333
16.04	11.6667
16.06	11.6667
16.08	16.6667
16.1	6.66667
16.12	11.6667
16.14	1.66667
16.16	10
16.18	8.33333
16.2	6.66667
16.22	11.6667
16.24	18.3333
16.26	18.3333
16.28	10
16.3	6.66667
16.32	18.3333
16.34	11.6667
16.36	8.33333
16.38	8.33333
16.4	8.33333
16.42	11.6667
16.44	8.33333
16.46	11.6667
16.48	11.6667
16.5	10
16.52	5
16.54	10
16.56	8.33333
16.58	5
16.6	5
16.62	13.3333
16.64	8.33333
16.66	3.33333
16.68	21.6667
16.7	11.6667
16.72	6.66667
16.74	6.66667
16.76	15
16.78	10
16.8	5
16.82	5
16.84	11.6667
16.86	6.66667
16.88	3.33333
16.9	5
16.92	8.33333
16.94	6.66667
16.96	10
16.98	6.66667
17	10
17.02	6.66667
17.04	16.6667
17.06	8.33333
17.08	10
17.1	10
17.12	10
17.14	13.3333
17.16	15
17.18	5
17.2	10
17.22	8.33333
17.24	10
17.26	5
17.28	6.66667
17.3	8.33333
17.32	13.3333
17.34	5
17.36	8.33333
17.38	5
17.4	13.3333
17.42	11.6667
17.44	8.33333
17.46	11.6667
17.48	3.33333
17.5	1.66667
17.52	3.33333
17.54	8.33333
17.56	6.66667
17.58	10
17.6	5
17.62	13.3333
17.64	8.33333
17.66	5
17.68	8.33333
17.7	20
17.72	8.33333
17.74	13.3333
17.76	5
17.78	15
17.8	5
17.82	15
17.84	5
17.86	8.33333
17.88	8.33333
17.9	3.33333
17.92	8.33333
17.94	5
17.96	8.33333
17.98	11.6667
18	8.33333
18.02	6.66667
18.04	11.6667
18.06	5
18.08	6.66667
18.1	13.3333
18.12	6.66667
18.14	6.66667
18.16	6.66667
18.18	8.33333
18.2	8.33333
18.22	8.33333
18.24	3.33333
18.26	10
18.28	8.33333
18.3	1.66667
18.32	11.6667
18.34	8.33333
18.36	16.6667
18.38	10
18.4	5
18.42	15
18.44	8.33333
18.46	3.33333
18.48	11.6667
18.5	8.33333
18.52	6.66667
18.54	10
18.56	15
18.58	10
18.6	1.66667
18.62	8.33333
18.64	6.66667
18.66	5
18.68	8.33333
18.7	11.6667
18.72	15
18.74	8.33333
18.76	10
18.78	6.66667
18.8	10
18.82	13.3333
18.84	13.3333
18.86	11.6667
18.88	3.33333
18.9	3.33333
18.92	10
18.94	5
18.96	8.33333
18.98	5
19	1.66667
19.02	11.6667
19.04	11.6667
19.06	8.33333
19.08	15
19.1	8.33333
19.12	10
19.14	8.33333
19.16	6.66667
19.18	6.66667
19.2	8.33333
19.22	10
19.24	11.6667
19.26	10
19.28	13.3333
19.3	11.6667
19.32	20
19.34	10
19.36	13.3333
19.38	6.66667
19.4	5
19.42	3.33333
19.44	6.66667
19.46	6.66667
19.48	6.66667
19.5	11.6667
19.52	13.3333
19.54	8.33333
19.56	10
19.58	10
19.6	6.66667
19.62	10
19.64	6.66667
19.66	8.33333
19.68	6.66667
19.7	10
19.72	11.6667
19.74	5
19.76	10
19.78	6.66667
19.8	15
19.82	6.66667
19.84	10
19.86	5
19.88	11.6667
19.9	8.33333
19.92	8.33333
19.94	6.66667
19.96	11.6667
19.98	6.66667
20	5
20.02	6.66667
20.04	6.66667
20.06	5
20.08	5
20.1	6.66667
20.12	11.6667
20.14	3.33333
20.16	6.66667
20.18	6.66667
20.2	13.3333
20.22	5
20.24	15
20.26	18.3333
20.28	13.3333
20.3	23.3333
20.32	13.3333
20.34	6.66667
20.36	11.6667
20.38	10
20.4	5
20.42	10
20.44	8.33333
20.46	11.6667
20.48	11.6667
20.5	13.3333
20.52	11.6667
20.54	6.66667
20.56	13.3333
20.58	20
20.6	10
20.62	8.33333
20.64	8.33333
20.66	10
20.68	11.6667
20.7	5
20.72	11.6667
20.74	1.66667
20.76	6.66667
20.78	8.33333
20.8	8.33333
20.82	8.33333
20.84	13.3333
20.86	3.33333
20.88	10
20.9	6.66667
20.92	10
20.94	6.66667
20.96	18.3333
20.98	8.33333
21	13.3333
21.02	10
21.04	11.6667
21.06	11.6667
21.08	11.6667
21.1	8.33333
21.12	16.6667
21.14	6.66667
21.16	11.6667
21.18	10
21.2	8.33333
21.22	11.6667
21.24	5
21.26	13.3333
21.28	10
21.3	6.66667
21.32	10
21.34	15
21.36	10
21.38	5
21.4	13.3333
21.42	6.66667
21.44	10
21.46	10
21.48	5
21.5	11.6667
21.52	10
21.54	11.6667
21.56	6.66667
21.58	10
21.6	8.33333
21.62	11.6667
21.64	10
21.66	5
21.68	11.6667
21.7	6.66667
21.72	8.33333
21.74	10
21.76	11.6667
21.78	13.3333
21.8	5
21.82	10
21.84	6.66667
21.86	16.6667
21.88	11.6667
21.9	10
21.92	15
21.94	11.6667
21.96	8.33333
21.98	16.6667
22	6.66667
22.02	10
22.04	10
22.06	6.66667
22.08	3.33333
22.1	11.6667
22.12	5
22.14	8.33333
22.16	8.33333
22.18	11.6667
22.2	3.33333
22.22	13.3333
22.24	13.3333
22.26	3.33333
22.28	6.66667
22.3	10
22.32	5
22.34	5
22.36	6.66667
22.38	10
22.4	8.33333
22.42	11.6667
22.44	10
22.46	8.33333
22.48	15
22.5	13.3333
22.52	18.3333
22.54	16.6667
22.56	20
22.58	16.6667
22.6	20
22.62	21.6667
22.64	13.3333
22.66	23.3333
22.68	21.6667
22.7	20
22.72	13.3333
22.74	18.3333
22.76	23.3333
22.78	26.6667
22.8	21.6667
22.82	11.6667
22.84	11.6667
22.86	25
22.88	13.3333
22.9	10
22.92	13.3333
22.94	21.6667
22.96	15
22.98	10
23	15
23.02	13.3333
23.04	13.3333
23.06	18.3333
23.08	11.6667
23.1	8.33333
23.12	3.33333
23.14	20
23.16	11.6667
23.18	6.66667
23.2	6.66667
23.22	11.6667
23.24	6.66667
23.26	13.3333
23.28	11.6667
23.3	11.6667
23.32	6.66667
23.34	13.3333
23.36	15
23.38	10
23.4	10
23.42	16.6667
23.44	13.3333
23.46	11.6667
23.48	15
23.5	10
23.52	8.33333
23.54	8.33333
23.56	10
23.58	6.66667
23.6	8.33333
23.62	8.33333
23.64	10
23.66	8.33333
23.68	3.33333
23.7	11.6667
23.72	1.66667
23.74	11.6667
23.76	1.66667
23.78	8.33333
23.8	8.33333
23.82	8.33333
23.84	5
23.86	5
23.88	10
23.9	1.66667
23.92	13.3333
23.94	10
23.96	15
23.98	10
24	1.66667
24.02	10
24.04	13.3333
24.06	15
24.08	5
24.1	10
24.12	11.6667
24.14	6.66667
24.16	10
24.18	11.6667
24.2	11.6667
24.22	8.33333
24.24	10
24.26	13.3333
24.28	11.6667
24.3	16.6667
24.32	8.33333
24.34	1.66667
24.36	10
24.38	13.3333
24.4	10
24.42	8.33333
24.44	13.3333
24.46	10
24.48	11.6667
24.5	11.6667
24.52	8.33333
24.54	10
24.56	8.33333
24.58	8.33333
24.6	8.33333
24.62	10
24.64	16.6667
24.66	13.3333
24.68	8.33333
24.7	10
24.72	11.6667
24.74	8.33333
24.76	10
24.78	5
24.8	10
24.82	5
24.84	8.33333
24.86	16.6667
24.88	15
24.9	31.6667
24.92	25
24.94	23.3333
24.96	31.6667
24.98	28.3333
25	25
25.02	28.3333
25.04	35
25.06	36.6667
25.08	41.6667
25.1	60
25.12	98.3333
25.14	105
25.16	100
25.18	98.3333
25.2	68.3333
25.22	51.6667
25.24	38.3333
25.26	48.3333
25.28	26.6667
25.3	13.3333
25.32	20
25.34	26.6667
25.36	18.3333
25.38	18.3333
25.4	21.6667
25.42	15
25.44	15
25.46	15
25.48	20
25.5	10
25.52	25
25.54	21.6667
25.56	16.6667
25.58	18.3333
25.6	15
25.62	18.3333
25.64	20
25.66	20
25.68	13.3333
25.7	13.3333
25.72	45
25.74	30
25.76	63.3333
25.78	46.6667
25.8	65
25.82	56.6667
25.84	33.3333
25.86	30
25.88	31.6667
25.9	26.6667
25.92	25
25.94	21.6667
25.96	11.6667
25.98	10
26	11.6667
26.02	8.33333
26.04	11.6667
26.06	3.33333
26.08	8.33333
26.1	13.3333
26.12	13.3333
26.14	15
26.16	10
26.18	10
26.2	15
26.22	6.66667
26.24	16.6667
26.26	8.33333
26.28	13.3333
26.3	11.6667
26.32	15
26.34	16.6667
26.36	5
26.38	13.3333
26.4	8.33333
26.42	10
26.44	13.3333
26.46	1.66667
26.48	11.6667
26.5	6.66667
26.52	13.3333
26.54	10
26.56	10
26.58	10
26.6	10
26.62	6.66667
26.64	10
26.66	11.6667
26.68	15
26.7	15
26.72	13.3333
26.74	5
26.76	6.66667
26.78	1.66667
26.8	10
26.82	16.6667
26.84	13.3333
26.86	6.66667
26.88	6.66667
26.9	8.33333
26.92	15
26.94	10
26.96	15
26.98	6.66667
27	11.6667
27.02	13.3333
27.04	6.66667
27.06	20
27.08	5
27.1	6.66667
27.12	10
27.14	13.3333
27.16	6.66667
27.18	6.66667
27.2	5
27.22	16.6667
27.24	21.6667
27.26	13.3333
27.28	15
27.3	13.3333
27.32	11.6667
27.34	13.3333
27.36	13.3333
27.38	10
27.4	10
27.42	18.3333
27.44	6.66667
27.46	10
27.48	6.66667
27.5	10
27.52	3.33333
27.54	13.3333
27.56	8.33333
27.58	0
27.6	6.66667
27.62	13.3333
27.64	13.3333
27.66	11.6667
27.68	20
27.7	6.66667
27.72	13.3333
27.74	6.66667
27.76	8.33333
27.78	15
27.8	15
27.82	10
27.84	18.3333
27.86	15
27.88	8.33333
27.9	15
27.92	15
27.94	21.6667
27.96	10
27.98	13.3333
28	20
28.02	10
28.04	11.6667
28.06	6.66667
28.08	11.6667
28.1	15
28.12	13.3333
28.14	5
28.16	15
28.18	13.3333
28.2	13.3333
28.22	20
28.24	10
28.26	10
28.28	11.6667
28.3	21.6667
28.32	20
28.34	13.3333
28.36	16.6667
28.38	15
28.4	11.6667
28.42	10
28.44	11.6667
28.46	16.6667
28.48	6.66667
28.5	21.6667
28.52	13.3333
28.54	13.3333
28.56	8.33333
28.58	11.6667
28.6	11.6667
28.62	10
28.64	11.6667
28.66	13.3333
28.68	18.3333
28.7	3.33333
28.72	10
28.74	11.6667
28.76	11.6667
28.78	11.6667
28.8	13.3333
28.82	11.6667
28.84	18.3333
28.86	5
28.88	13.3333
28.9	5
28.92	10
28.94	15
28.96	11.6667
28.98	11.6667
29	18.3333
29.02	13.3333
29.04	13.3333
29.06	16.6667
29.08	21.6667
29.1	10
29.12	16.6667
29.14	11.6667
29.16	23.3333
29.18	16.6667
29.2	21.6667
29.22	15
29.24	21.6667
29.26	13.3333
29.28	8.33333
29.3	11.6667
29.32	21.6667
29.34	11.6667
29.36	20
29.38	6.66667
29.4	8.33333
29.42	15
29.44	16.6667
29.46	23.3333
29.48	23.3333
29.5	25
29.52	13.3333
29.54	25
29.56	20
29.58	38.3333
29.6	41.6667
29.62	23.3333
29.64	30
29.66	15
29.68	26.6667
29.7	25
29.72	21.6667
29.74	15
29.76	13.3333
29.78	23.3333
29.8	11.6667
29.82	16.6667
29.84	20
29.86	20
29.88	21.6667
29.9	13.3333
29.92	18.3333
29.94	21.6667
29.96	21.6667
29.98	13.3333
30	10
30.02	13.3333
30.04	20
30.06	25
30.08	16.6667
30.1	20
30.12	15
30.14	23.3333
30.16	16.6667
30.18	15
30.2	15
30.22	3.33333
30.24	18.3333
30.26	16.6667
30.28	16.6667
30.3	18.3333
30.32	20
30.34	25
30.36	21.6667
30.38	10
30.4	28.3333
30.42	21.6667
30.44	15
30.46	11.6667
30.48	20
30.5	16.6667
30.52	20
30.54	13.3333
30.56	15
30.58	16.6667
30.6	13.3333
30.62	16.6667
30.64	21.6667
30.66	13.3333
30.68	13.3333
30.7	15
30.72	23.3333
30.74	11.6667
30.76	16.6667
30.78	18.3333
30.8	18.3333
30.82	20
30.84	28.3333
30.86	35
30.88	26.6667
30.9	11.6667
30.92	38.3333
30.94	33.3333
30.96	28.3333
30.98	36.6667
31	21.6667
31.02	28.3333
31.04	30
31.06	26.6667
31.08	40
31.1	36.6667
31.12	30
31.14	30
31.16	31.6667
31.18	40
31.2	35
31.22	18.3333
31.24	16.6667
31.26	23.3333
31.28	35
31.3	36.6667
31.32	36.6667
31.34	55
31.36	40
31.38	38.3333
31.4	38.3333
31.42	41.6667
31.44	38.3333
31.46	43.3333
31.48	46.6667
31.5	45
31.52	50
31.54	35
31.56	50
31.58	41.6667
31.6	61.6667
31.62	41.6667
31.64	33.3333
31.66	50
31.68	55
31.7	58.3333
31.72	50
31.74	71.6667
31.76	63.3333
31.78	71.6667
31.8	53.3333
31.82	88.3333
31.84	73.3333
31.86	95
31.88	86.6667
31.9	98.3333
31.92	98.3333
31.94	111.667
31.96	101.667
31.98	118.333
32	123.333
32.02	123.333
32.04	126.667
32.06	158.333
32.08	146.667
32.1	128.333
32.12	163.333
32.14	198.333
32.16	223.333
32.18	245
32.2	263.333
32.22	315
32.24	306.667
32.26	341.667
32.28	331.667
32.3	316.667
32.32	335
32.34	386.667
32.36	305
32.38	363.333
32.4	330
32.42	290
32.44	315
32.46	301.667
32.48	266.667
32.5	271.667
32.52	221.667
32.54	201.667
32.56	221.667
32.58	201.667
32.6	131.667
32.62	160
32.64	163.333
32.66	145
32.68	106.667
32.7	95
32.72	78.3333
32.74	90
32.76	83.3333
32.78	88.3333
32.8	70
32.82	53.3333
32.84	61.6667
32.86	48.3333
32.88	56.6667
32.9	33.3333
32.92	56.6667
32.94	41.6667
32.96	41.6667
32.98	46.6667
33	43.3333
33.02	45
33.04	40
33.06	33.3333
33.08	43.3333
33.1	33.3333
33.12	30
33.14	23.3333
33.16	38.3333
33.18	28.3333
33.2	36.6667
33.22	36.6667
33.24	36.6667
33.26	23.3333
33.28	18.3333
33.3	28.3333
33.32	20
33.34	31.6667
33.36	25
33.38	11.6667
33.4	20
33.42	21.6667
33.44	16.6667
33.46	31.6667
33.48	16.6667
33.5	18.3333
33.52	25
33.54	21.6667
33.56	28.3333
33.58	20
33.6	20
33.62	20
33.64	23.3333
33.66	21.6667
33.68	23.3333
33.7	18.3333
33.72	20
33.74	23.3333
33.76	15
33.78	10
33.8	20
33.82	28.3333
33.84	8.33333
33.86	11.6667
33.88	10
33.9	8.33333
33.92	16.6667
33.94	18.3333
33.96	15
33.98	18.3333
34	6.66667
34.02	11.6667
34.04	13.3333
34.06	11.6667
34.08	13.3333
34.1	13.3333
34.12	11.6667
34.14	8.33333
34.16	10
34.18	11.6667
34.2	10
34.22	11.6667
34.24	18.3333
34.26	8.33333
34.28	6.66667
34.3	20
34.32	23.3333
34.34	15
34.36	15
34.38	10
34.4	21.6667
34.42	20
34.44	16.6667
34.46	10
34.48	15
34.5	20
34.52	16.6667
34.54	20
34.56	21.6667
34.58	20
34.6	18.3333
34.62	15
34.64	8.33333
34.66	21.6667
34.68	11.6667
34.7	11.6667
34.72	8.33333
34.74	10
34.76	18.3333
34.78	15
34.8	10
34.82	13.3333
34.84	10
34.86	20
34.88	15
34.9	6.66667
34.92	8.33333
34.94	8.33333
34.96	13.3333
34.98	5
35	11.6667
35.02	10
35.04	23.3333
35.06	21.6667
35.08	18.3333
35.1	25
35.12	31.6667
35.14	15
35.16	20
35.18	20
35.2	18.3333
35.22	18.3333
35.24	26.6667
35.26	18.3333
35.28	13.3333
35.3	10
35.32	13.3333
35.34	10
35.36	6.66667
35.38	11.6667
35.4	13.3333
35.42	11.6667
35.44	13.3333
35.46	13.3333
35.48	8.33333
35.5	5
35.52	13.3333
35.54	16.6667
35.56	18.3333
35.58	6.66667
35.6	10
35.62	8.33333
35.64	6.66667
35.66	13.3333
35.68	13.3333
35.7	11.6667
35.72	13.3333
35.74	5
35.76	13.3333
35.78	10
35.8	15
35.82	8.33333
35.84	15
35.86	8.33333
35.88	10
35.9	13.3333
35.92	20
35.94	5
35.96	10
35.98	15
36	13.3333
36.02	10
36.04	11.6667
36.06	16.6667
36.08	10
36.1	21.6667
36.12	28.3333
36.14	30
36.16	30
36.18	18.3333
36.2	33.3333
36.22	21.6667
36.24	25
36.26	8.33333
36.28	15
36.3	21.6667
36.32	16.6667
36.34	13.3333
36.36	31.6667
36.38	8.33333
36.4	10
36.42	20
36.44	23.3333
36.46	28.3333
36.48	28.3333
36.5	36.6667
36.52	41.6667
36.54	36.6667
36.56	26.6667
36.58	26.6667
36.6	33.3333
36.62	30
36.64	30
36.66	31.6667
36.68	18.3333
36.7	20
36.72	23.3333
36.74	13.3333
36.76	8.33333
36.78	8.33333
36.8	13.3333
36.82	11.6667
36.84	10
36.86	10
36.88	3.33333
36.9	6.66667
36.92	10
36.94	6.66667
36.96	10
36.98	8.33333
37	6.66667
37.02	18.3333
37.04	16.6667
37.06	5
37.08	5
37.1	1.66667
37.12	6.66667
37.14	16.6667
37.16	6.66667
37.18	16.6667
37.2	8.33333
37.22	6.66667
37.24	10
37.26	16.6667
37.28	11.6667
37.3	11.6667
37.32	11.6667
37.34	11.6667
37.36	11.6667
37.38	5
37.4	6.66667
37.42	10
37.44	11.6667
37.46	6.66667
37.48	13.3333
37.5	8.33333
37.52	8.33333
37.54	13.3333
37.56	5
37.58	6.66667
37.6	11.6667
37.62	8.33333
37.64	0
37.66	8.33333
37.68	10
37.7	6.66667
37.72	10
37.74	8.33333
37.76	6.66667
37.78	10
37.8	10
37.82	3.33333
37.84	8.33333
37.86	8.33333
37.88	8.33333
37.9	15
37.92	10
37.94	10
37.96	8.33333
37.98	15
38	13.3333
38.02	11.6667
38.04	15
38.06	8.33333
38.08	11.6667
38.1	16.6667
38.12	20
38.14	8.33333
38.16	6.66667
38.18	8.33333
38.2	3.33333
38.22	8.33333
38.24	10
38.26	8.33333
38.28	10
38.3	10
38.32	6.66667
38.34	11.6667
38.36	1.66667
38.38	5
38.4	10
38.42	11.6667
38.44	18.3333
38.46	11.6667
38.48	15
38.5	8.33333
38.52	8.33333
38.54	10
38.56	3.33333
38.58	8.33333
38.6	10
38.62	5
38.64	11.6667
38.66	15
38.68	5
38.7	10
38.72	18.3333
38.74	8.33333
38.76	15
38.78	6.66667
38.8	8.33333
38.82	15
38.84	8.33333
38.86	10
38.88	8.33333
38.9	11.6667
38.92	8.33333
38.94	8.33333
38.96	10
38.98	13.3333
39	8.33333
39.02	15
39.04	20
39.06	15
39.08	11.6667
39.1	13.3333
39.12	8.33333
39.14	11.6667
39.16	10
39.18	18.3333
39.2	13.3333
39.22	25
39.24	16.6667
39.26	20
39.28	16.6667
39.3	26.6667
39.32	23.3333
39.34	16.6667
39.36	16.6667
39.38	23.3333
39.4	30
39.42	38.3333
39.44	13.3333
39.46	35
39.48	35
39.5	30
39.52	33.3333
39.54	31.6667
39.56	38.3333
39.58	21.6667
39.6	55
39.62	40
39.64	55
39.66	55
39.68	65
39.7	55
39.72	73.3333
39.74	53.3333
39.76	85
39.78	95
39.8	65
39.82	86.6667
39.84	81.6667
39.86	78.3333
39.88	90
39.9	96.6667
39.92	88.3333
39.94	70
39.96	98.3333
39.98	71.6667
40	85
40.02	75
40.04	66.6667
40.06	53.3333
40.08	70
40.1	36.6667
40.12	46.6667
40.14	50
40.16	43.3333
40.18	31.6667
40.2	46.6667
40.22	28.3333
40.24	21.6667
40.26	30
40.28	18.3333
40.3	26.6667
40.32	25
40.34	18.3333
40.36	23.3333
40.38	20
40.4	15
40.42	13.3333
40.44	33.3333
40.46	11.6667
40.48	23.3333
40.5	21.6667
40.52	11.6667
40.54	23.3333
40.56	20
40.58	16.6667
40.6	18.3333
40.62	23.3333
40.64	8.33333
40.66	11.6667
40.68	23.3333
40.7	18.3333
40.72	5
40.74	10
40.76	13.3333
40.78	16.6667
40.8	8.33333
40.82	13.3333
40.84	5
40.86	11.6667
40.88	10
40.9	23.3333
40.92	11.6667
40.94	10
40.96	6.66667
40.98	15
41	18.3333
41.02	15
41.04	11.6667
41.06	6.66667
41.08	5
41.1	5
41.12	10
41.14	11.6667
41.16	15
41.18	6.66667
41.2	6.66667
41.22	18.3333
41.24	15
41.26	13.3333
41.28	16.6667
41.3	16.6667
41.32	13.3333
41.34	21.6667
41.36	11.6667
41.38	13.3333
41.4	21.6667
41.42	15
41.44	16.6667
41.46	8.33333
41.48	16.6667
41.5	15
41.52	8.33333
41.54	8.33333
41.56	13.3333
41.58	6.66667
41.6	8.33333
41.62	11.6667
41.64	6.66667
41.66	16.6667
41.68	15
41.7	1.66667
41.72	6.66667
41.74	13.3333
41.76	10
41.78	6.66667
41.8	25
41.82	3.33333
41.84	10
41.86	11.6667
41.88	6.66667
41.9	16.6667
41.92	10
41.94	6.66667
41.96	8.33333
41.98	8.33333
42	8.33333
42.02	6.66667
42.04	8.33333
42.06	1.66667
42.08	18.3333
42.1	11.6667
42.12	16.6667
42.14	8.33333
42.16	8.33333
42.18	8.33333
42.2	3.33333
42.22	6.66667
42.24	3.33333
42.26	6.66667
42.28	8.33333
42.3	13.3333
42.32	8.33333
42.34	11.6667
42.36	13.3333
42.38	6.66667
42.4	3.33333
42.42	13.3333
42.44	5
42.46	10
42.48	11.6667
42.5	8.33333
42.52	6.66667
42.54	8.33333
42.56	5
42.58	6.66667
42.6	16.6667
42.62	6.66667
42.64	10
42.66	15
42.68	6.66667
42.7	6.66667
42.72	1.66667
42.74	3.33333
42.76	8.33333
42.78	8.33333
42.8	16.6667
42.82	10
42.84	11.6667
42.86	11.6667
42.88	3.33333
42.9	3.33333
42.92	15
42.94	18.3333
42.96	16.6667
42.98	11.6667
43	10
43.02	6.66667
43.04	15
43.06	13.3333
43.08	13.3333
43.1	16.6667
43.12	8.33333
43.14	15
43.16	6.66667
43.18	8.33333
43.2	13.3333
43.22	13.3333
43.24	6.66667
43.26	6.66667
43.28	8.33333
43.3	13.3333
43.32	6.66667
43.34	10
43.36	5
43.38	5
43.4	16.6667
43.42	10
43.44	6.66667
43.46	11.6667
43.48	10
43.5	15
43.52	13.3333
43.54	16.6667
43.56	0
43.58	16.6667
43.6	6.66667
43.62	6.66667
43.64	5
43.66	11.6667
43.68	11.6667
43.7	5
43.72	16.6667
43.74	13.3333
43.76	11.6667
43.78	5
43.8	5
43.82	11.6667
43.84	10
43.86	5
43.88	8.33333
43.9	13.3333
43.92	16.6667
43.94	15
43.96	26.6667
43.98	13.3333
44	13.3333
44.02	28.3333
44.04	48.3333
44.06	41.6667
44.08	46.6667
44.1	25
44.12	35
44.14	40
44.16	25
44.18	33.3333
44.2	21.6667
44.22	18.3333
44.24	13.3333
44.26	23.3333
44.28	16.6667
44.3	11.6667
44.32	18.3333
44.34	13.3333
44.36	10
44.38	11.6667
44.4	8.33333
44.42	5
44.44	11.6667
44.46	8.33333
44.48	10
44.5	13.3333
44.52	20
44.54	13.3333
44.56	15
44.58	15
44.6	6.66667
44.62	16.6667
44.64	20
44.66	5
44.68	11.6667
44.7	8.33333
44.72	16.6667
44.74	10
44.76	5
44.78	6.66667
44.8	6.66667
44.82	16.6667
44.84	11.6667
44.86	15
44.88	8.33333
44.9	16.6667
44.92	16.6667
44.94	13.3333
44.96	16.6667
44.98	13.3333
45	15
45.02	13.3333
45.04	8.33333
45.06	20
45.08	13.3333
45.1	16.6667
45.12	15
45.14	15
45.16	16.6667
45.18	13.3333
45.2	20
45.22	20
45.24	26.6667
45.26	8.33333
45.28	13.3333
45.3	11.6667
45.32	15
45.34	10
45.36	21.6667
45.38	20
45.4	25
45.42	15
45.44	25
45.46	20
45.48	16.6667
45.5	23.3333
45.52	18.3333
45.54	28.3333
45.56	28.3333
45.58	41.6667
45.6	31.6667
45.62	56.6667
45.64	41.6667
45.66	38.3333
45.68	25
45.7	28.3333
45.72	38.3333
45.74	45
45.76	26.6667
45.78	31.6667
45.8	43.3333
45.82	38.3333
45.84	45
45.86	26.6667
45.88	45
45.9	43.3333
45.92	38.3333
45.94	36.6667
45.96	51.6667
45.98	50
46	41.6667
46.02	55
46.04	76.6667
46.06	63.3333
46.08	53.3333
46.1	66.6667
46.12	51.6667
46.14	80
46.16	80
46.18	93.3333
46.2	95
46.22	108.333
46.24	88.3333
46.26	106.667
46.28	118.333
46.3	111.667
46.32	146.667
46.34	128.333
46.36	130
46.38	153.333
46.4	135
46.42	158.333
46.44	168.333
46.46	116.667
46.48	158.333
46.5	125
46.52	145
46.54	110
46.56	121.667
46.58	121.667
46.6	126.667
46.62	143.333
46.64	95
46.66	80
46.68	71.6667
46.7	71.6667
46.72	51.6667
46.74	73.3333
46.76	66.6667
46.78	50
46.8	41.6667
46.82	36.6667
46.84	28.3333
46.86	50
46.88	33.3333
46.9	46.6667
46.92	35
46.94	46.6667
46.96	43.3333
46.98	25
47	31.6667
47.02	30
47.04	31.6667
47.06	20
47.08	20
47.1	28.3333
47.12	20
47.14	35
47.16	21.6667
47.18	16.6667
47.2	15
47.22	21.6667
47.24	23.3333
47.26	13.3333
47.28	23.3333
47.3	18.3333
47.32	15
47.34	16.6667
47.36	15
47.38	20
47.4	15
47.42	16.6667
47.44	16.6667
47.46	25
47.48	10
47.5	15
47.52	20
47.54	20
47.56	15
47.58	16.6667
47.6	25
47.62	15
47.64	23.3333
47.66	35
47.68	48.3333
47.7	28.3333
47.72	20
47.74	25
47.76	26.6667
47.78	11.6667
47.8	20
47.82	20
47.84	21.6667
47.86	25
47.88	10
47.9	25
47.92	16.6667
47.94	10
47.96	8.33333
47.98	21.6667
48	10
48.02	15
48.04	8.33333
48.06	5
48.08	5
48.1	13.3333
48.12	6.66667
48.14	13.3333
48.16	1.66667
48.18	11.6667
48.2	15
48.22	8.33333
48.24	11.6667
48.26	8.33333
48.28	6.66667
48.3	5
48.32	3.33333
48.34	11.6667
48.36	3.33333
48.38	10
48.4	11.6667
48.42	8.33333
48.44	10
48.46	5
48.48	3.33333
48.5	5
48.52	10
48.54	18.3333
48.56	5
48.58	5
48.6	13.3333
48.62	5
48.64	11.6667
48.66	6.66667
48.68	3.33333
48.7	6.66667
48.72	8.33333
48.74	5
48.76	6.66667
48.78	5
48.8	5
48.82	8.33333
48.84	13.3333
48.86	11.6667
48.88	5
48.9	10
48.92	11.6667
48.94	11.6667
48.96	3.33333
48.98	1.66667
49	8.33333
49.02	15
49.04	8.33333
49.06	10
49.08	5
49.1	8.33333
49.12	10
49.14	15
49.16	10
49.18	10
49.2	8.33333
49.22	10
49.24	21.6667
49.26	6.66667
49.28	8.33333
49.3	10
49.32	6.66667
49.34	10
49.36	8.33333
49.38	8.33333
49.4	10
49.42	3.33333
49.44	5
49.46	8.33333
49.48	3.33333
49.5	3.33333
49.52	11.6667
49.54	11.6667
49.56	10
49.58	10
49.6	5
49.62	6.66667
49.64	13.3333
49.66	8.33333
49.68	15
49.7	6.66667
49.72	13.3333
49.74	8.33333
49.76	8.33333
49.78	13.3333
49.8	8.33333
49.82	15
49.84	26.6667
49.86	18.3333
49.88	28.3333
49.9	15
49.92	10
49.94	8.33333
49.96	15
49.98	25
50	15
50.02	16.6667
50.04	11.6667
50.06	23.3333
50.08	16.6667
50.1	13.3333
50.12	20
50.14	16.6667
50.16	13.3333
50.18	18.3333
50.2	10
50.22	6.66667
50.24	25
50.26	15
50.28	13.3333
50.3	6.66667
50.32	11.6667
50.34	11.6667
50.36	6.66667
50.38	8.33333
50.4	10
50.42	8.33333
50.44	1.66667
50.46	11.6667
50.48	18.3333
50.5	11.6667
50.52	5
50.54	5
50.56	6.66667
50.58	5
50.6	6.66667
50.62	13.3333
50.64	13.3333
50.66	6.66667
50.68	11.6667
50.7	8.33333
50.72	10
50.74	5
50.76	6.66667
50.78	5
50.8	15
50.82	5
50.84	5
50.86	6.66667
50.88	3.33333
50.9	13.3333
50.92	8.33333
50.94	8.33333
50.96	6.66667
50.98	3.33333
51	18.3333
51.02	8.33333
51.04	3.33333
51.06	10
51.08	15
51.1	8.33333
51.12	11.6667
51.14	6.66667
51.16	6.66667
51.18	5
51.2	8.33333
51.22	11.6667
51.24	6.66667
51.26	3.33333
51.28	10
51.3	8.33333
51.32	10
51.34	11.6667
51.36	10
51.38	6.66667
51.4	8.33333
51.42	10
51.44	13.3333
51.46	6.66667
51.48	10
51.5	3.33333
51.52	11.6667
51.54	11.6667
51.56	11.6667
51.58	10
51.6	10
51.62	20
51.64	18.3333
51.66	10
51.68	8.33333
51.7	10
51.72	16.6667
51.74	6.66667
51.76	5
51.78	6.66667
51.8	1.66667
51.82	8.33333
51.84	8.33333
51.86	8.33333
51.88	15
51.9	15
51.92	13.3333
51.94	16.6667
51.96	5
51.98	6.66667
52	8.33333
52.02	16.6667
52.04	8.33333
52.06	5
52.08	10
52.1	15
52.12	13.3333
52.14	10
52.16	18.3333
52.18	6.66667
52.2	8.33333
52.22	11.6667
52.24	8.33333
52.26	31.6667
52.28	8.33333
52.3	20
52.32	21.6667
52.34	15
52.36	18.3333
52.38	16.6667
52.4	15
52.42	8.33333
52.44	18.3333
52.46	10
52.48	6.66667
52.5	15
52.52	3.33333
52.54	13.3333
52.56	3.33333
52.58	6.66667
52.6	10
52.62	6.66667
52.64	8.33333
52.66	8.33333
52.68	11.6667
52.7	11.6667
52.72	11.6667
52.74	11.6667
52.76	6.66667
52.78	6.66667
52.8	5
52.82	10
52.84	13.3333
52.86	11.6667
52.88	11.6667
52.9	10
52.92	5
52.94	15
52.96	11.6667
52.98	15
53	6.66667
53.02	3.33333
53.04	11.6667
53.06	18.3333
53.08	1.66667
53.1	3.33333
53.12	8.33333
53.14	11.6667
53.16	5
53.18	15
53.2	15
53.22	8.33333
53.24	8.33333
53.26	8.33333
53.28	10
53.3	11.6667
53.32	6.66667
53.34	10
53.36	5
53.38	5
53.4	3.33333
53.42	5
53.44	8.33333
53.46	11.6667
53.48	13.3333
53.5	5
53.52	5
53.54	6.66667
53.56	6.66667
53.58	5
53.6	11.6667
53.62	10
53.64	5
53.66	3.33333
53.68	8.33333
53.7	1.66667
53.72	10
53.74	6.66667
53.76	5
53.78	8.33333
53.8	10
53.82	10
53.84	8.33333
53.86	5
53.88	13.3333
53.9	13.3333
53.92	10
53.94	11.6667
53.96	6.66667
53.98	13.3333
54	3.33333
54.02	5
54.04	6.66667
54.06	5
54.08	11.6667
54.1	6.66667
54.12	3.33333
54.14	8.33333
54.16	13.3333
54.18	10
54.2	5
54.22	8.33333
54.24	13.3333
54.26	5
54.28	5
54.3	16.6667
54.32	5
54.34	15
54.36	5
54.38	5
54.4	8.33333
54.42	6.66667
54.44	8.33333
54.46	5
54.48	11.6667
54.5	6.66667
54.52	5
54.54	0
54.56	5
54.58	10
54.6	8.33333
54.62	11.6667
54.64	8.33333
54.66	3.33333
54.68	10
54.7	8.33333
54.72	6.66667
54.74	3.33333
54.76	10
54.78	20
54.8	5
54.82	5
54.84	5
54.86	6.66667
54.88	5
54.9	15
54.92	3.33333
54.94	10
54.96	8.33333
54.98	8.33333
55	11.6667
55.02	11.6667
55.04	10
55.06	11.6667
55.08	13.3333
55.1	15
55.12	5
55.14	11.6667
55.16	5
55.18	10
55.2	8.33333
55.22	6.66667
55.24	6.66667
55.26	8.33333
55.28	5
55.3	3.33333
55.32	6.66667
55.34	11.6667
55.36	15
55.38	0
55.4	11.6667
55.42	5
55.44	10
55.46	10
55.48	3.33333
55.5	8.33333
55.52	5
55.54	15
55.56	10
55.58	5
55.6	8.33333
55.62	13.3333
55.64	11.6667
55.66	11.6667
55.68	15
55.7	3.33333
55.72	5
55.74	13.3333
55.76	11.6667
55.78	6.66667
55.8	8.33333
55.82	10
55.84	3.33333
55.86	16.6667
55.88	6.66667
55.9	10
55.92	11.6667
55.94	10
55.96	3.33333
55.98	5
56	10
56.02	11.6667
56.04	16.6667
56.06	25
56.08	16.6667
56.1	10
56.12	11.6667
56.14	6.66667
56.16	13.3333
56.18	13.3333
56.2	11.6667
56.22	15
56.24	13.3333
56.26	11.6667
56.28	13.3333
56.3	18.3333
56.32	15
56.34	20
56.36	18.3333
56.38	15
56.4	10
56.42	18.3333
56.44	16.6667
56.46	16.6667
56.48	5
56.5	8.33333
56.52	11.6667
56.54	16.6667
56.56	13.3333
56.58	15
56.6	13.3333
56.62	26.6667
56.64	8.33333
56.66	13.3333
56.68	16.6667
56.7	28.3333
56.72	18.3333
56.74	20
56.76	20
56.78	16.6667
56.8	28.3333
56.82	15
56.84	18.3333
56.86	11.6667
56.88	20
56.9	5
56.92	28.3333
56.94	16.6667
56.96	23.3333
56.98	26.6667
57	25
57.02	20
57.04	25
57.06	23.3333
57.08	16.6667
57.1	23.3333
57.12	35
57.14	35
57.16	20
57.18	36.6667
57.2	30
57.22	45
57.24	53.3333
57.26	33.3333
57.28	50
57.3	48.3333
57.32	53.3333
57.34	53.3333
57.36	45
57.38	56.6667
57.4	46.6667
57.42	56.6667
57.44	73.3333
57.46	56.6667
57.48	53.3333
57.5	78.3333
57.52	80
57.54	80
57.56	80
57.58	76.6667
57.6	110
57.62	101.667
57.64	91.6667
57.66	85
57.68	113.333
57.7	113.333
57.72	106.667
57.74	93.3333
57.76	118.333
57.78	88.3333
57.8	108.333
57.82	106.667
57.84	80
57.86	66.6667
57.88	73.3333
57.9	85
57.92	78.3333
57.94	71.6667
57.96	85
57.98	60
58	71.6667
58.02	55
58.04	53.3333
58.06	51.6667
58.08	51.6667
58.1	45
58.12	36.6667
58.14	48.3333
58.16	41.6667
58.18	38.3333
58.2	21.6667
58.22	33.3333
58.24	35
58.26	15
58.28	18.3333
58.3	26.6667
58.32	23.3333
58.34	41.6667
58.36	33.3333
58.38	28.3333
58.4	18.3333
58.42	21.6667
58.44	8.33333
58.46	18.3333
58.48	23.3333
58.5	13.3333
58.52	25
58.54	10
58.56	15
58.58	15
58.6	10
58.62	20
58.64	20
58.66	6.66667
58.68	18.3333
58.7	11.6667
58.72	6.66667
58.74	8.33333
58.76	13.3333
58.78	23.3333
58.8	23.3333
58.82	16.6667
58.84	20
58.86	18.3333
58.88	20
58.9	15
58.92	18.3333
58.94	11.6667
58.96	16.6667
58.98	31.6667
59	21.6667
59.02	13.3333
59.04	8.33333
59.06	5
59.08	13.3333
59.1	8.33333
59.12	13.3333
59.14	15
59.16	10
59.18	11.6667
59.2	13.3333
59.22	6.66667
59.24	8.33333
59.26	23.3333
59.28	5
59.3	6.66667
59.32	15
59.34	6.66667
59.36	10
59.38	8.33333
59.4	8.33333
59.42	10
59.44	8.33333
59.46	3.33333
59.48	15
59.5	6.66667
59.52	10
59.54	8.33333
59.56	16.6667
59.58	11.6667
59.6	20
59.62	16.6667
59.64	10
59.66	15
59.68	13.3333
59.7	11.6667
59.72	10
59.74	13.3333
59.76	10
59.78	13.3333
59.8	11.6667
59.82	15
59.84	21.6667
59.86	16.6667
59.88	8.33333
59.9	13.3333
59.92	5
59.94	8.33333
59.96	8.33333
59.98	8.33333
60	6.66667
60.02	5
60.04	15
60.06	6.66667
60.08	3.33333
60.1	3.33333
60.12	3.33333
60.14	6.66667
60.16	13.3333
60.18	6.66667
60.2	16.6667
60.22	6.66667
60.24	0
60.26	3.33333
60.28	3.33333
60.3	5
60.32	13.3333
60.34	13.3333
60.36	5
60.38	5
60.4	8.33333
60.42	8.33333
60.44	3.33333
60.46	16.6667
60.48	10
60.5	3.33333
60.52	13.3333
60.54	3.33333
60.56	11.6667
60.58	10
60.6	6.66667
60.62	8.33333
60.64	3.33333
60.66	3.33333
60.68	3.33333
60.7	10
60.72	6.66667
60.74	15
60.76	11.6667
60.78	8.33333
60.8	10
60.82	10
60.84	1.66667
60.86	13.3333
60.88	6.66667
60.9	11.6667
60.92	6.66667
60.94	15
60.96	10
60.98	11.6667
61	5
61.02	8.33333
61.04	3.33333
61.06	8.33333
61.08	5
61.1	3.33333
61.12	6.66667
61.14	6.66667
61.16	13.3333
61.18	3.33333
61.2	13.3333
61.22	8.33333
61.24	5
61.26	5
61.28	6.66667
61.3	15
61.32	6.66667
61.34	8.33333
61.36	5
61.38	11.6667
61.4	1.66667
61.42	8.33333
61.44	6.66667
61.46	3.33333
61.48	8.33333
61.5	6.66667
61.52	5
61.54	10
61.56	5
61.58	8.33333
61.6	6.66667
61.62	3.33333
61.64	3.33333
61.66	5
61.68	10
61.7	8.33333
61.72	0
61.74	15
61.76	6.66667
61.78	10
61.8	3.33333
61.82	6.66667
61.84	3.33333
61.86	8.33333
61.88	5
61.9	8.33333
61.92	5
61.94	3.33333
61.96	8.33333
61.98	3.33333
62	6.66667
62.02	5
62.04	8.33333
62.06	8.33333
62.08	5
62.1	6.66667
62.12	8.33333
62.14	6.66667
62.16	3.33333
62.18	11.6667
62.2	5
62.22	3.33333
62.24	6.66667
62.26	5
62.28	6.66667
62.3	8.33333
62.32	5
62.34	13.3333
62.36	5
62.38	5
62.4	6.66667
62.42	11.6667
62.44	10
62.46	3.33333
62.48	8.33333
62.5	6.66667
62.52	3.33333
62.54	21.6667
62.56	5
62.58	6.66667
62.6	10
62.62	5
62.64	5
62.66	8.33333
62.68	8.33333
62.7	6.66667
62.72	6.66667
62.74	6.66667
62.76	6.66667
62.78	8.33333
62.8	6.66667
62.82	6.66667
62.84	8.33333
62.86	10
62.88	8.33333
62.9	3.33333
62.92	11.6667
62.94	6.66667
62.96	13.3333
62.98	6.66667
63	8.33333
63.02	5
63.04	6.66667
63.06	8.33333
63.08	13.3333
63.1	6.66667
63.12	11.6667
63.14	11.6667
63.16	6.66667
63.18	6.66667
63.2	6.66667
63.22	8.33333
63.24	5
63.26	8.33333
63.28	1.66667
63.3	5
63.32	8.33333
63.34	15
63.36	8.33333
63.38	11.6667
63.4	11.6667
63.42	5
63.44	11.6667
63.46	5
63.48	8.33333
63.5	13.3333
63.52	11.6667
63.54	6.66667
63.56	10
63.58	10
63.6	1.66667
63.62	10
63.64	6.66667
63.66	10
63.68	3.33333
63.7	10
63.72	5
63.74	8.33333
63.76	8.33333
63.78	5
63.8	16.6667
63.82	15
63.84	6.66667
63.86	10
63.88	10
63.9	10
63.92	8.33333
63.94	5
63.96	21.6667
63.98	8.33333
64	6.66667
64.02	6.66667
64.04	11.6667
64.06	11.6667
64.08	8.33333
64.1	5
64.12	8.33333
64.14	13.3333
64.16	8.33333
64.18	5
64.2	8.33333
64.22	15
64.24	5
64.26	15
64.28	8.33333
64.3	1.66667
64.32	6.66667
64.34	3.33333
64.36	13.3333
64.38	6.66667
64.4	6.66667
64.42	8.33333
64.44	6.66667
64.46	5
64.48	6.66667
64.5	3.33333
64.52	8.33333
64.54	5
64.56	5
64.58	8.33333
64.6	8.33333
64.62	1.66667
64.64	13.3333
64.66	8.33333
64.68	8.33333
64.7	8.33333
64.72	8.33333
64.74	18.3333
64.76	3.33333
64.78	8.33333
64.8	6.66667
64.82	3.33333
64.84	8.33333
64.86	6.66667
64.88	10
64.9	10
64.92	6.66667
64.94	6.66667
64.96	10
64.98	11.6667
65	8.33333
65.02	8.33333
65.04	6.66667
65.06	6.66667
65.08	6.66667
65.1	10
65.12	8.33333
65.14	10
65.16	6.66667
65.18	8.33333
65.2	6.66667
65.22	5
65.24	8.33333
65.26	11.6667
65.28	15
65.3	13.3333
65.32	13.3333
65.34	10
65.36	6.66667
65.38	11.6667
65.4	1.66667
65.42	11.6667
65.44	10
65.46	6.66667
65.48	10
65.5	5
65.52	10
65.54	6.66667
65.56	6.66667
65.58	13.3333
65.6	5
65.62	16.6667
65.64	15
65.66	13.3333
65.68	6.66667
65.7	11.6667
65.72	15
65.74	8.33333
65.76	6.66667
65.78	11.6667
65.8	3.33333
65.82	10
65.84	3.33333
65.86	8.33333
65.88	8.33333
65.9	5
65.92	10
65.94	8.33333
65.96	8.33333
65.98	8.33333
66	11.6667
66.02	6.66667
66.04	11.6667
66.06	13.3333
66.08	5
66.1	6.66667
66.12	13.3333
66.14	6.66667
66.16	3.33333
66.18	6.66667
66.2	13.3333
66.22	15
66.24	10
66.26	10
66.28	13.3333
66.3	13.3333
66.32	3.33333
66.34	11.6667
66.36	13.3333
66.38	15
66.4	11.6667
66.42	16.6667
66.44	16.6667
66.46	11.6667
66.48	10
66.5	16.6667
66.52	13.3333
66.54	16.6667
66.56	16.6667
66.58	3.33333
66.6	6.66667
66.62	10
66.64	6.66667
66.66	20
66.68	16.6667
66.7	16.6667
66.72	20
66.74	15
66.76	11.6667
66.78	18.3333
66.8	11.6667
66.82	10
66.84	18.3333
66.86	11.6667
66.88	18.3333
66.9	6.66667
66.92	26.6667
66.94	16.6667
66.96	23.3333
66.98	10
67	20
67.02	10
67.04	16.6667
67.06	18.3333
67.08	28.3333
67.1	13.3333
67.12	16.6667
67.14	21.6667
67.16	13.3333
67.18	16.6667
67.2	25
67.22	28.3333
67.24	15
67.26	31.6667
67.28	33.3333
67.3	15
67.32	21.6667
67.34	28.3333
67.36	38.3333
67.38	16.6667
67.4	41.6667
67.42	35
67.44	23.3333
67.46	46.6667
67.48	30
67.5	35
67.52	45
67.54	55
67.56	56.6667
67.58	31.6667
67.6	51.6667
67.62	43.3333
67.64	61.6667
67.66	76.6667
67.68	70
67.7	48.3333
67.72	58.3333
67.74	50
67.76	55
67.78	76.6667
67.8	51.6667
67.82	61.6667
67.84	41.6667
67.86	66.6667
67.88	50
67.9	71.6667
67.92	40
67.94	60
67.96	48.3333
67.98	35
68	43.3333
68.02	38.3333
68.04	48.3333
68.06	18.3333
68.08	38.3333
68.1	38.3333
68.12	26.6667
68.14	26.6667
68.16	21.6667
68.18	16.6667
68.2	16.6667
68.22	23.3333
68.24	20
68.26	21.6667
68.28	13.3333
68.3	15
68.32	23.3333
68.34	18.3333
68.36	13.3333
68.38	11.6667
68.4	20
68.42	8.33333
68.44	25
68.46	16.6667
68.48	16.6667
68.5	20
68.52	13.3333
68.54	18.3333
68.56	8.33333
68.58	13.3333
68.6	15
68.62	10
68.64	13.3333
68.66	15
68.68	13.3333
68.7	10
68.72	8.33333
68.74	10
68.76	11.6667
68.78	8.33333
68.8	8.33333
68.82	16.6667
68.84	10
68.86	8.33333
68.88	13.3333
68.9	8.33333
68.92	5
68.94	5
68.96	3.33333
68.98	8.33333
69	11.6667
69.02	8.33333
69.04	10
69.06	10
69.08	5
69.1	11.6667
69.12	3.33333
69.14	15
69.16	5
69.18	8.33333
69.2	5
69.22	3.33333
69.24	10
69.26	5
69.28	11.6667
69.3	16.6667
69.32	6.66667
69.34	8.33333
69.36	1.66667
69.38	10
69.4	13.3333
69.42	5
69.44	1.66667
69.46	6.66667
69.48	16.6667
69.5	0
69.52	11.6667
69.54	11.6667
69.56	3.33333
69.58	11.6667
69.6	10
69.62	5
69.64	10
69.66	3.33333
69.68	13.3333
69.7	5
69.72	6.66667
69.74	5
69.76	5
69.78	10
69.8	5
69.82	3.33333
69.84	5
69.86	15
69.88	3.33333
69.9	1.66667
69.92	15
69.94	8.33333
69.96	13.3333
69.98	3.33333
70	3.33333
70.02	10
70.04	3.33333
70.06	5
70.08	11.6667
70.1	11.6667
70.12	6.66667
70.14	6.66667
70.16	8.33333
70.18	10
70.2	10
70.22	1.66667
70.24	6.66667
70.26	5
70.28	3.33333
70.3	11.6667
70.32	10
70.34	5
70.36	3.33333
70.38	5
70.4	5
70.42	5
70.44	1.66667
70.46	13.3333
70.48	3.33333
70.5	0
70.52	5
70.54	3.33333
70.56	1.66667
70.58	5
70.6	8.33333
70.62	6.66667
70.64	6.66667
70.66	5
70.68	10
70.7	8.33333
70.72	6.66667
70.74	8.33333
70.76	10
70.78	6.66667
70.8	1.66667
70.82	6.66667
70.84	8.33333
70.86	11.6667
70.88	5
70.9	3.33333
70.92	13.3333
70.94	10
70.96	8.33333
70.98	6.66667
71	0
71.02	10
71.04	3.33333
71.06	3.33333
71.08	6.66667
71.1	5
71.12	3.33333
71.14	11.6667
71.16	1.66667
71.18	3.33333
71.2	5
71.22	11.6667
71.24	6.66667
71.26	10
71.28	0
71.3	0
71.32	8.33333
71.34	6.66667
71.36	10
71.38	5
71.4	15
71.42	3.33333
71.44	3.33333
71.46	15
71.48	5
71.5	6.66667
71.52	6.66667
71.54	6.66667
71.56	13.3333
71.58	11.6667
71.6	18.3333
71.62	3.33333
71.64	5
71.66	5
71.68	5
71.7	13.3333
71.72	1.66667
71.74	13.3333
71.76	5
71.78	5
71.8	8.33333
71.82	15
71.84	6.66667
71.86	5
71.88	6.66667
71.9	8.33333
71.92	6.66667
71.94	13.3333
71.96	8.33333
71.98	11.6667
72	6.66667
72.02	10
72.04	16.6667
72.06	8.33333
72.08	10
72.1	10
72.12	13.3333
72.14	8.33333
72.16	13.3333
72.18	11.6667
72.2	6.66667
72.22	11.6667
72.24	5
72.26	13.3333
72.28	16.6667
72.3	13.3333
72.32	6.66667
72.34	8.33333
72.36	11.6667
72.38	8.33333
72.4	8.33333
72.42	10
72.44	6.66667
72.46	13.3333
72.48	8.33333
72.5	11.6667
72.52	10
72.54	13.3333
72.56	6.66667
72.58	13.3333
72.6	16.6667
72.62	6.66667
72.64	13.3333
72.66	5
72.68	10
72.7	10
72.72	10
72.74	5
72.76	8.33333
72.78	10
72.8	13.3333
72.82	6.66667
72.84	5
72.86	11.6667
72.88	6.66667
72.9	11.6667
72.92	20
72.94	20
72.96	6.66667
72.98	6.66667
73	13.3333
73.02	6.66667
73.04	11.6667
73.06	10
73.08	13.3333
73.1	8.33333
73.12	5
73.14	3.33333
73.16	3.33333
73.18	5
73.2	3.33333
73.22	6.66667
73.24	11.6667
73.26	5
73.28	8.33333
73.3	6.66667
73.32	5
73.34	10
73.36	6.66667
73.38	10
73.4	5
73.42	6.66667
73.44	16.6667
73.46	8.33333
73.48	10
73.5	15
73.52	10
73.54	6.66667
73.56	10
73.58	8.33333
73.6	16.6667
73.62	15
73.64	6.66667
73.66	10
73.68	5
73.7	5
73.72	10
73.74	11.6667
73.76	15
73.78	10
73.8	11.6667
73.82	10
73.84	8.33333
73.86	5
73.88	21.6667
73.9	13.3333
73.92	5
73.94	15
73.96	8.33333
73.98	5
74	10
74.02	16.6667
74.04	8.33333
74.06	3.33333
74.08	8.33333
74.1	10
74.12	10
74.14	6.66667
74.16	15
74.18	3.33333
74.2	8.33333
74.22	13.3333
74.24	8.33333
74.26	10
74.28	8.33333
74.3	8.33333
74.32	10
74.34	10
74.36	6.66667
74.38	8.33333
74.4	18.3333
74.42	8.33333
74.44	6.66667
74.46	6.66667
74.48	5
74.5	10
74.52	13.3333
74.54	1.66667
74.56	5
74.58	3.33333
74.6	5
74.62	8.33333
74.64	15
74.66	3.33333
74.68	10
74.7	6.66667
74.72	3.33333
74.74	11.6667
74.76	3.33333
74.78	10
74.8	6.66667
74.82	13.3333
74.84	8.33333
74.86	1.66667
74.88	8.33333
74.9	8.33333
74.92	8.33333
74.94	8.33333
74.96	10
74.98	11.6667
75	6.66667
75.02	13.3333
75.04	5
75.06	6.66667
75.08	6.66667
75.1	11.6667
75.12	5
75.14	6.66667
75.16	10
75.18	21.6667
75.2	6.66667
75.22	6.66667
75.24	8.33333
75.26	10
75.28	11.6667
75.3	8.33333
75.32	5
75.34	15
75.36	5
75.38	8.33333
75.4	8.33333
75.42	6.66667
75.44	10
75.46	8.33333
75.48	16.6667
75.5	10
75.52	6.66667
75.54	8.33333
75.56	8.33333
75.58	8.33333
75.6	3.33333
75.62	13.3333
75.64	8.33333
75.66	5
75.68	8.33333
75.7	11.6667
75.72	15
75.74	5
75.76	5
75.78	10
75.8	16.6667
75.82	10
75.84	8.33333
75.86	3.33333
75.88	8.33333
75.9	6.66667
75.92	10
75.94	6.66667
75.96	18.3333
75.98	25
76	13.3333
76.02	6.66667
76.04	18.3333
76.06	11.6667
76.08	21.6667
76.1	13.3333
76.12	11.6667
76.14	15
76.16	13.3333
76.18	10
76.2	10
76.22	6.66667
76.24	6.66667
76.26	6.66667
76.28	6.66667
76.3	6.66667
76.32	11.6667
76.34	18.3333
76.36	11.6667
76.38	6.66667
76.4	11.6667
76.42	15
76.44	16.6667
76.46	6.66667
76.48	13.3333
76.5	11.6667
76.52	28.3333
76.54	15
76.56	13.3333
76.58	20
76.6	13.3333
76.62	23.3333
76.64	23.3333
76.66	20
76.68	15
76.7	26.6667
76.72	20
76.74	38.3333
76.76	30
76.78	30
76.8	31.6667
76.82	25
76.84	21.6667
76.86	26.6667
76.88	28.3333
76.9	23.3333
76.92	40
76.94	30
76.96	45
76.98	45
77	25
77.02	33.3333
77.04	33.3333
77.06	43.3333
77.08	46.6667
77.1	43.3333
77.12	33.3333
77.14	46.6667
77.16	46.6667
77.18	31.6667
77.2	40
77.22	35
77.24	21.6667
77.26	26.6667
77.28	31.6667
77.3	23.3333
77.32	35
77.34	30
77.36	45
77.38	26.6667
77.4	25
77.42	21.6667
77.44	23.3333
77.46	18.3333
77.48	20
77.5	23.3333
77.52	25
77.54	20
77.56	20
77.58	25
77.6	25
77.62	25
77.64	16.6667
77.66	21.6667
77.68	18.3333
77.7	13.3333
77.72	25
77.74	13.3333
77.76	13.3333
77.78	16.6667
77.8	15
77.82	13.3333
77.84	8.33333
77.86	6.66667
77.88	20
77.9	15
77.92	10
77.94	6.66667
77.96	8.33333
77.98	6.66667
78	6.66667
78.02	16.6667
78.04	5
78.06	15
78.08	15
78.1	16.6667
78.12	6.66667
78.14	10
78.16	13.3333
78.18	8.33333
78.2	3.33333
78.22	15
78.24	6.66667
78.26	6.66667
78.28	8.33333
78.3	10
78.32	21.6667
78.34	11.6667
78.36	6.66667
78.38	8.33333
78.4	8.33333
78.42	10
78.44	6.66667
78.46	5
78.48	11.6667
78.5	5
78.52	6.66667
78.54	16.6667
78.56	6.66667
78.58	5
78.6	5
78.62	16.6667
78.64	6.66667
78.66	10
78.68	5
78.7	11.6667
78.72	6.66667
78.74	8.33333
78.76	6.66667
78.78	6.66667
78.8	8.33333
78.82	3.33333
78.84	5
78.86	13.3333
78.88	3.33333
78.9	8.33333
78.92	10
78.94	3.33333
78.96	1.66667
78.98	6.66667
79	6.66667
79.02	3.33333
79.04	1.66667
79.06	5
79.08	10
79.1	5
79.12	8.33333
79.14	3.33333
79.16	1.66667
79.18	6.66667
79.2	13.3333
79.22	3.33333
79.24	6.66667
79.26	5
79.28	13.3333
79.3	6.66667
79.32	3.33333
79.34	5
79.36	6.66667
79.38	1.66667
79.4	15
79.42	10
79.44	3.33333
79.46	5
79.48	10
79.5	10
79.52	5
79.54	5
79.56	5
79.58	11.6667
79.6	8.33333
79.62	6.66667
79.64	10
79.66	5
79.68	8.33333
79.7	16.6667
79.72	8.33333
79.74	3.33333
79.76	3.33333
79.78	13.3333
79.8	8.33333
79.82	3.33333
79.84	5
79.86	11.6667
79.88	5
79.9	8.33333
79.92	6.66667
79.94	8.33333
79.96	5
79.98	3.33333
80	8.33333
80.02	8.33333
80.04	10
80.06	10
80.08	8.33333
80.1	8.33333
80.12	11.6667
80.14	13.3333
80.16	16.6667
80.18	8.33333
80.2	10
80.22	1.66667
80.24	6.66667
80.26	3.33333
80.28	3.33333
80.3	6.66667
80.32	1.66667
80.34	11.6667
80.36	1.66667
80.38	5
80.4	1.66667
80.42	8.33333
80.44	5
80.46	5
80.48	8.33333
80.5	11.6667
80.52	6.66667
80.54	6.66667
80.56	5
80.58	6.66667
80.6	10
80.62	10
80.64	10
80.66	6.66667
80.68	8.33333
80.7	16.6667
80.72	10
80.74	6.66667
80.76	5
80.78	8.33333
80.8	8.33333
80.82	8.33333
80.84	3.33333
80.86	16.6667
80.88	8.33333
80.9	8.33333
80.92	1.66667
80.94	8.33333
80.96	10
80.98	11.6667
81	20
81.02	10
81.04	6.66667
81.06	13.3333
81.08	8.33333
81.1	18.3333
81.12	6.66667
81.14	1.66667
81.16	16.6667
81.18	3.33333
81.2	18.3333
81.22	11.6667
81.24	8.33333
81.26	8.33333
81.28	10
81.3	8.33333
81.32	11.6667
81.34	10
81.36	20
81.38	10
81.4	15
81.42	16.6667
81.44	15
81.46	10
81.48	18.3333
81.5	6.66667
81.52	16.6667
81.54	21.6667
81.56	15
81.58	18.3333
81.6	8.33333
81.62	18.3333
81.64	21.6667
81.66	16.6667
81.68	16.6667
81.7	20
81.72	16.6667
81.74	5
81.76	11.6667
81.78	16.6667
81.8	13.3333
81.82	21.6667
81.84	11.6667
81.86	20
81.88	13.3333
81.9	10
81.92	18.3333
81.94	15
81.96	11.6667
81.98	8.33333
82	18.3333
82.02	15
82.04	10
82.06	11.6667
82.08	15
82.1	6.66667
82.12	11.6667
82.14	13.3333
82.16	10
82.18	11.6667
82.2	8.33333
82.22	6.66667
82.24	16.6667
82.26	10
82.28	13.3333
82.3	20
82.32	10
82.34	8.33333
82.36	13.3333
82.38	11.6667
82.4	11.6667
82.42	5
82.44	15
82.46	10
82.48	11.6667
82.5	6.66667
82.52	10
82.54	5
82.56	5
82.58	6.66667
82.6	0
82.62	11.6667
82.64	5
82.66	10
82.68	6.66667
82.7	8.33333
82.72	10
82.74	5
82.76	8.33333
82.78	1.66667
82.8	16.6667
82.82	1.66667
82.84	6.66667
82.86	11.6667
82.88	10
82.9	10
82.92	1.66667
82.94	18.3333
82.96	5
82.98	8.33333
83	13.3333
83.02	6.66667
83.04	10
83.06	10
83.08	5
83.1	6.66667
83.12	8.33333
83.14	6.66667
83.16	6.66667
83.18	8.33333
83.2	6.66667
83.22	5
83.24	15
83.26	15
83.28	6.66667
83.3	6.66667
83.32	6.66667
83.34	11.6667
83.36	10
83.38	11.6667
83.4	6.66667
83.42	6.66667
83.44	5
83.46	1.66667
83.48	8.33333
83.5	8.33333
83.52	5
83.54	13.3333
83.56	11.6667
83.58	8.33333
83.6	21.6667
83.62	11.6667
83.64	8.33333
83.66	10
83.68	8.33333
83.7	5
83.72	3.33333
83.74	13.3333
83.76	10
83.78	8.33333
83.8	10
83.82	0
83.84	6.66667
83.86	6.66667
83.88	10
83.9	5
83.92	8.33333
83.94	8.33333
83.96	3.33333
83.98	10
84	8.33333
84.02	6.66667
84.04	3.33333
84.06	10
84.08	8.33333
84.1	10
84.12	5
84.14	8.33333
84.16	6.66667
84.18	13.3333
84.2	16.6667
84.22	11.6667
84.24	8.33333
84.26	3.33333
84.28	6.66667
84.3	6.66667
84.32	3.33333
84.34	6.66667
84.36	6.66667
84.38	5
84.4	3.33333
84.42	1.66667
84.44	8.33333
84.46	5
84.48	3.33333
84.5	11.6667
84.52	6.66667
84.54	5
84.56	6.66667
84.58	6.66667
84.6	5
84.62	6.66667
84.64	5
84.66	6.66667
84.68	13.3333
84.7	11.6667
84.72	6.66667
84.74	8.33333
84.76	13.3333
84.78	6.66667
84.8	11.6667
84.82	6.66667
84.84	5
84.86	3.33333
84.88	5
84.9	8.33333
84.92	16.6667
84.94	6.66667
84.96	3.33333
84.98	11.6667
85	10
85.02	8.33333
85.04	11.6667
85.06	11.6667
85.08	10
85.1	6.66667
85.12	10
85.14	6.66667
85.16	11.6667
85.18	10
85.2	5
85.22	13.3333
85.24	13.3333
85.26	8.33333
85.28	5
85.3	5
85.32	15
85.34	10
85.36	10
85.38	5
85.4	15
85.42	16.6667
85.44	13.3333
85.46	18.3333
85.48	10
85.5	11.6667
85.52	6.66667
85.54	11.6667
85.56	11.6667
85.58	13.3333
85.6	10
85.62	18.3333
85.64	15
85.66	13.3333
85.68	16.6667
85.7	13.3333
85.72	21.6667
85.74	16.6667
85.76	15
85.78	18.3333
85.8	26.6667
85.82	23.3333
85.84	13.3333
85.86	11.6667
85.88	15
85.9	20
85.92	8.33333
85.94	16.6667
85.96	20
85.98	25
86	21.6667
86.02	25
86.04	21.6667
86.06	28.3333
86.08	5
86.1	21.6667
86.12	25
86.14	21.6667
86.16	16.6667
86.18	10
86.2	18.3333
86.22	15
86.24	11.6667
86.26	21.6667
86.28	21.6667
86.3	20
86.32	11.6667
86.34	23.3333
86.36	15
86.38	13.3333
86.4	15
86.42	28.3333
86.44	20
86.46	6.66667
86.48	20
86.5	11.6667
86.52	18.3333
86.54	13.3333
86.56	8.33333
86.58	13.3333
86.6	10
86.62	10
86.64	15
86.66	3.33333
86.68	13.3333
86.7	13.3333
86.72	8.33333
86.74	3.33333
86.76	10
86.78	20
86.8	5
86.82	20
86.84	6.66667
86.86	6.66667
86.88	5
86.9	11.6667
86.92	6.66667
86.94	3.33333
86.96	10
86.98	15
87	10
87.02	5
87.04	6.66667
87.06	8.33333
87.08	10
87.1	3.33333
87.12	10
87.14	11.6667
87.16	1.66667
87.18	8.33333
87.2	11.6667
87.22	6.66667
87.24	8.33333
87.26	3.33333
87.28	1.66667
87.3	8.33333
87.32	6.66667
87.34	10
87.36	6.66667
87.38	6.66667
87.4	8.33333
87.42	3.33333
87.44	5
87.46	1.66667
87.48	10
87.5	1.66667
87.52	6.66667
87.54	6.66667
87.56	5
87.58	15
87.6	3.33333
87.62	8.33333
87.64	11.6667
87.66	11.6667
87.68	3.33333
87.7	13.3333
87.72	3.33333
87.74	8.33333
87.76	5
87.78	10
87.8	1.66667
87.82	8.33333
87.84	3.33333
87.86	6.66667
87.88	8.33333
87.9	3.33333
87.92	5
87.94	10
87.96	8.33333
87.98	3.33333
88	6.66667
88.02	3.33333
88.04	8.33333
88.06	0
88.08	6.66667
88.1	6.66667
88.12	8.33333
88.14	6.66667
88.16	6.66667
88.18	6.66667
88.2	6.66667
88.22	3.33333
88.24	11.6667
88.26	8.33333
88.28	11.6667
88.3	18.3333
88.32	3.33333
88.34	10
88.36	3.33333
88.38	5
88.4	15
88.42	5
88.44	1.66667
88.46	6.66667
88.48	8.33333
88.5	6.66667
88.52	1.66667
88.54	6.66667
88.56	5
88.58	5
88.6	5
88.62	6.66667
88.64	5
88.66	1.66667
88.68	10
88.7	5
88.72	0
88.74	5
88.76	11.6667
88.78	8.33333
88.8	10
88.82	5
88.84	1.66667
88.86	8.33333
88.88	5
88.9	8.33333
88.92	5
88.94	1.66667
88.96	5
88.98	10
89	15
89.02	3.33333
89.04	13.3333
89.06	3.33333
89.08	10
89.1	5
89.12	6.66667
89.14	3.33333
89.16	5
89.18	11.6667
89.2	8.33333
89.22	10
89.24	5
89.26	10
89.28	10
89.3	6.66667
89.32	6.66667
89.34	10
89.36	1.66667
89.38	6.66667
89.4	3.33333
89.42	10
89.44	1.66667
89.46	13.3333
89.48	1.66667
89.5	10
89.52	1.66667
89.54	15
89.56	5
89.58	6.66667
89.6	5
89.62	6.66667
89.64	5
89.66	5
89.68	8.33333
89.7	8.33333
89.72	3.33333
89.74	11.6667
89.76	8.33333
89.78	3.33333
89.8	6.66667
89.82	6.66667
89.84	8.33333
89.86	3.33333
89.88	5
89.9	3.33333
89.92	8.33333
89.94	5
89.96	13.3333
89.98	8.33333
90	5
